total 1299
drwxrwxrwx 1 root root    4096 Jan  1  1970 .
drwxr-xr-x 1 z    z       4096 Aug 22 15:39 ..
-rwxrwxrwx 1 root root 1097644 Aug 22 19:08 1958955.png
-rwxrwxrwx 1 root root  219351 Aug 22 19:09 logo (1).svg
---SVG CONTENT---
<?xml version="1.0" encoding="UTF-8"?>
<svg version="1.1" xmlns="http://www.w3.org/2000/svg" width="1024" height="1040">
<path d="M0 0 C337.92 0 675.84 0 1024 0 C1024 343.2 1024 686.4 1024 1040 C686.08 1040 348.16 1040 0 1040 C0 696.8 0 353.6 0 0 Z " fill="#0B0A0F" transform="translate(0,0)"/>
<path d="M0 0 C337.92 0 675.84 0 1024 0 C1024 343.2 1024 686.4 1024 1040 C686.08 1040 348.16 1040 0 1040 C0 696.8 0 353.6 0 0 Z M470.35270691 50.75247192 C467.22212199 51.08184047 464.08771078 51.35890497 460.95220947 51.63677979 C415.77115543 55.70356905 371.1697633 69.23532493 330 88 C328.97970703 88.45810059 327.95941406 88.91620117 326.90820312 89.38818359 C303.65774553 99.88591845 281.8344611 112.77636731 261.04443359 127.54785156 C259.07497399 128.94674644 257.09570204 130.33049509 255.11328125 131.7109375 C247.8063139 136.82639672 240.81770338 142.24516892 234 148 C232.92728048 148.89737114 231.8543554 149.7944966 230.78125 150.69140625 C224.0611484 156.32530151 217.47533141 162.08513004 211 168 C209.54787109 169.31291016 209.54787109 169.31291016 208.06640625 170.65234375 C199.58192733 178.34292949 191.27548052 186.17694921 183.828125 194.89453125 C181.6897913 197.35727028 179.46915401 199.73487343 177.25 202.125 C172.01949977 207.86829437 167.22815709 213.89160923 162.49902344 220.05078125 C160.90532048 222.12311421 159.3006458 224.18666633 157.6953125 226.25 C151.45581742 234.29962441 145.51372985 242.43021058 140 251 C139.14196516 252.29515968 138.28249525 253.58936936 137.421875 254.8828125 C130.73924554 264.98053594 124.70813923 275.32460096 119 286 C118.52949219 286.87398437 118.05898437 287.74796875 117.57421875 288.6484375 C105.6902172 310.78591797 95.36685251 333.30040382 87 357 C86.6587207 357.9580957 86.31744141 358.91619141 85.96582031 359.90332031 C75.72920522 388.84992088 68.47960303 418.63460309 64 449 C63.81228027 450.2080127 63.62456055 451.41602539 63.43115234 452.66064453 C59.84859312 476.57779776 59.64430689 500.4325654 59.6875 524.5625 C59.68862289 525.37040607 59.68974579 526.17831215 59.69090271 527.01070023 C59.69992642 532.44606394 59.72560687 537.88116056 59.76171875 543.31640625 C59.76531843 544.03022964 59.76891811 544.74405304 59.77262688 545.47950745 C59.78415496 547.49231607 59.80340239 549.50507602 59.82299805 551.51782227 C59.83284225 552.6534108 59.84268646 553.78899933 59.85282898 554.95899963 C59.98821891 557.75656695 60.40112464 560.2715483 61 563 C61.17084756 565.27934799 61.31111952 567.56108537 61.4296875 569.84375 C61.90400072 577.79323466 62.91324756 585.62938389 64.125 593.5 C64.23193176 594.2022168 64.33886353 594.90443359 64.44903564 595.62792969 C68.16666466 619.80913 73.89146925 643.59414563 81 667 C81.2892334 667.95293945 81.5784668 668.90587891 81.87646484 669.88769531 C101.39207949 733.16005211 134.84651173 793.81321921 179.8046875 842.59375 C181.00388707 843.90817516 182.19561329 845.23023543 183.34765625 846.58618164 C188.74147018 852.91142732 194.58481757 858.77092439 200.45947266 864.64477539 C202.23761772 866.42510252 204.00759561 868.21328377 205.77734375 870.00195312 C211.81525128 876.06929023 217.91941596 881.78758191 224.62744141 887.11547852 C226.63767871 888.71220847 228.58289306 890.34516739 230.50390625 892.046875 C244.00806135 904.00108945 258.84521659 914.25558908 274 924 C274.75023437 924.48404297 275.50046875 924.96808594 276.2734375 925.46679688 C316.24880632 951.11442428 359.78080618 970.78431875 406 982 C406.99837891 982.24943359 407.99675781 982.49886719 409.02539062 982.75585938 C421.0426385 985.7472456 433.07375162 988.34101932 445.3125 990.25 C446.27575195 990.40098145 447.23900391 990.55196289 448.23144531 990.70751953 C451.48314919 991.18583816 454.73738293 991.60251045 458 992 C459.04294724 992.1313031 459.04294724 992.1313031 460.10696411 992.26525879 C475.31134341 994.12689471 490.45145948 994.3127272 505.75512695 994.26074219 C509.12627119 994.249383 512.49709846 994.25611856 515.86823177 994.26760769 C538.23281854 994.33251531 560.25366604 993.22526197 582.3125 989.4375 C583.06114319 989.31061798 583.80978638 989.18373596 584.58111572 989.05300903 C670.45936283 974.3407949 749.66788085 933.93649527 827.05639648 861.07397461 C828.82487219 859.30008997 830.59870044 857.53168223 832.37304688 855.76367188 C838.12582261 850.0149152 843.79129668 844.25478096 849 838 C849.49604736 837.41065674 849.99209473 836.82131348 850.50317383 836.21411133 C863.60012496 820.53237617 876.0226222 804.24013904 887 787 C887.48645996 786.24203125 887.97291992 785.4840625 888.47412109 784.703125 C923.86677079 729.36149036 947.37653739 667.74903205 958.47705078 603.0390625 C958.92616173 600.42910309 959.39602795 597.82405785 959.87109375 595.21875 C975.29342699 506.65658259 961.1251229 412.25512949 896.62841797 270.69384766 C895.11150729 268.18446348 893.61693767 265.66329922 892.12890625 263.13671875 C879.77725664 242.3235456 864.80924619 223.28055767 849 205 C848.45996338 204.37528809 847.91992676 203.75057617 847.36352539 203.10693359 C834.17402224 187.9359693 820.38128483 172.56948215 804.58203125 160.078125 C801.94130924 157.95276326 799.4387292 155.72478269 796.9375 153.4375 C745.0634422 106.41904824 675.41776963 72.98671423 607 59 C605.40493237 58.66283397 603.80988124 58.32558987 602.21484375 57.98828125 C597.15410148 56.93273541 592.08082416 55.95360967 587 55 C586.28279785 54.86207031 585.5655957 54.72414063 584.82666016 54.58203125 C560.23099704 49.93548091 535.10158209 48.71829793 510.125 48.6875 C509.22258575 48.68400543 508.32017151 48.68051086 507.39041138 48.6769104 C494.94784395 48.65008504 482.72050979 49.4084993 470.35270691 50.75247192 Z " fill="#E1E1E1" transform="translate(0,0)"/>
<path d="M0 0 C0.71768555 0.13390137 1.43537109 0.26780273 2.17480469 0.40576172 C16.82743436 3.17706375 31.19642775 8.31099146 44 16 C44 16.33 44 16.66 44 17 C43.05253906 17.20302734 43.05253906 17.20302734 42.0859375 17.41015625 C29.00170451 20.55866765 18.35569745 26.32516744 9 36 C8.35417969 36.66 7.70835937 37.32 7.04296875 38 C-0.59997174 46.25903809 -4.86329958 55.26141386 -8 66 C-9.05058594 65.84015625 -10.10117187 65.6803125 -11.18359375 65.515625 C-36.53492442 62.37386484 -63.16828794 65.15701434 -84 81 C-88.19641681 84.46713268 -92.12463261 88.18031317 -96 92 C-96.6703125 92.65742188 -97.340625 93.31484375 -98.03125 93.9921875 C-114.20393569 111.12053189 -119.51634027 134.12307177 -119.2109375 156.92578125 C-118.576543 177.87254774 -109.47009739 196.32473873 -96 212 C-95.48050781 212.61617187 -94.96101563 213.23234375 -94.42578125 213.8671875 C-80.33019047 229.27647314 -56.54819312 238.39091297 -36.0625 239.3359375 C-14.71398257 239.71637715 5.44685686 234.7750745 23.66113281 223.45214844 C25.07623947 222.58189568 26.5350431 221.78343347 28 221 C30.65922954 222.32961477 30.90425598 223.59327638 32.109375 226.29296875 C32.52799805 227.21948242 32.94662109 228.14599609 33.37792969 229.10058594 C33.83071289 230.11926758 34.28349609 231.13794922 34.75 232.1875 C38.05178396 239.53911068 41.39073889 246.86229044 44.875 254.12890625 C45.52528641 255.49248888 46.17535274 256.85617649 46.82519531 258.2199707 C47.7835289 260.23115522 48.7452686 262.24026499 49.71911621 264.24398804 C50.63069973 266.12130419 51.52758297 268.00502441 52.421875 269.890625 C52.94362305 270.97375977 53.46537109 272.05689453 54.00292969 273.17285156 C55.03124461 276.08859269 55.23825213 277.21343518 54 280 C32.00205459 300.36038123 -5.0224072 305.33118551 -33.5 305.375 C-34.63748184 305.37826294 -34.63748184 305.37826294 -35.79794312 305.3815918 C-49.70400802 305.37706833 -63.2289039 304.17585647 -76.6875 300.4375 C-78.07606201 300.05223145 -78.07606201 300.05223145 -79.49267578 299.65917969 C-95.57369647 294.98176085 -110.25910987 287.50890496 -124 278 C-124.56235352 277.61263672 -125.12470703 277.22527344 -125.70410156 276.82617188 C-132.730293 271.90325648 -138.92152885 266.33903743 -145 260.3125 C-145.62334229 259.69479736 -146.24668457 259.07709473 -146.88891602 258.44067383 C-149.80454478 255.47834435 -152.43255334 252.51794344 -154.8125 249.10546875 C-156.64835954 245.97845006 -156.64835954 245.97845006 -159 245 C-159.27714844 245.87398437 -159.55429687 246.74796875 -159.83984375 247.6484375 C-167.00454741 268.34647029 -182.02037387 284.02362249 -201.30029297 293.8684082 C-210.45726877 298.29252375 -220.1177223 300.75229245 -230 303 C-230.64426941 303.1648439 -231.28853882 303.32968781 -231.95233154 303.49952698 C-237.52472051 304.86138868 -242.74359747 305.30715301 -248.46875 305.30078125 C-249.34793091 305.30506638 -250.22711182 305.3093515 -251.13293457 305.31376648 C-252.98509873 305.31947481 -254.8372853 305.32003605 -256.68945312 305.31567383 C-259.46525313 305.31253924 -262.23995821 305.3359289 -265.015625 305.36132812 C-294.69150618 305.46725667 -322.75554722 297.80349969 -344.38671875 276.66796875 C-358.28137633 262.06560365 -365.94012071 243.70157721 -369 224 C-369.1800099 222.84577545 -369.3600198 221.6915509 -369.54548454 220.50234985 C-371.10184815 209.39613675 -371.27123512 198.47470202 -371.22705078 187.2734375 C-371.2264853 185.24154669 -371.22680588 183.20965547 -371.22793579 181.17776489 C-371.22850498 175.7119079 -371.21682159 170.24614033 -371.20278788 164.78030396 C-371.19020754 159.04950424 -371.1891043 153.31870202 -371.18673706 147.58789062 C-371.18054362 136.7582011 -371.16416196 125.92855239 -371.14403808 115.09888077 C-371.12161227 102.76017705 -371.11066891 90.42147128 -371.10064721 78.08275223 C-371.07979365 52.72181227 -371.04465958 27.36090843 -371 2 C-365.00558472 1.75662231 -365.00558472 1.75662231 -363 2 C-360.89072463 4.00853386 -359.65036848 5.48989641 -358.125 7.875 C-357.2723704 9.08069077 -356.41419456 10.28247672 -355.55078125 11.48046875 C-354.91197021 12.37838135 -354.91197021 12.37838135 -354.26025391 13.29443359 C-342.50175481 29.20781497 -325.17763096 36.95827887 -307 43 C-306.99761165 43.77561594 -306.99522329 44.55123188 -306.99276257 45.35035133 C-306.93347549 64.27392241 -306.8578384 83.19736458 -306.76428509 102.12079811 C-306.7194314 111.27225208 -306.67999303 120.42366805 -306.65356445 129.57519531 C-306.63049956 137.5571091 -306.5970077 145.53890155 -306.55129844 153.52071893 C-306.52748006 157.74209823 -306.50867707 161.96335819 -306.50238609 166.18480301 C-306.49628322 170.16903199 -306.47609901 174.15295611 -306.44572449 178.13707161 C-306.43702672 179.5889212 -306.43320424 181.04081077 -306.43499184 182.49268532 C-306.44760567 197.48269133 -304.65178509 215.11282544 -294.828125 227.21875 C-285.80774278 236.00784037 -274.89767379 238.55192934 -262.75 238.4375 C-261.079375 238.42614014 -261.079375 238.42614014 -259.375 238.41455078 C-251.56893136 238.25765063 -244.99629604 237.71750384 -238 234 C-237.17757812 233.56429687 -236.35515625 233.12859375 -235.5078125 232.6796875 C-226.75726789 227.42936073 -221.75855812 219.70168734 -219 210 C-216.27948591 196.8692159 -215.55415105 183.8387148 -215.56762695 170.47167969 C-215.5585783 168.61652996 -215.54824368 166.76138615 -215.53674316 164.90625 C-215.50951079 159.94063411 -215.49993537 154.97513264 -215.49388909 150.00945187 C-215.4844161 144.79379303 -215.45820661 139.57821678 -215.43388367 134.36260986 C-215.39045786 124.51765366 -215.36176479 114.6727137 -215.33856028 104.82769132 C-215.31137929 93.60611105 -215.26747652 82.38461487 -215.22227156 71.163095 C-215.12976841 48.10876364 -215.06013797 25.05444007 -215 2 C-193.88 2 -172.76 2 -151 2 C-151 17.51 -151 33.02 -151 49 C-150.34 49 -149.68 49 -149 49 C-148.74347656 48.42121094 -148.48695313 47.84242188 -148.22265625 47.24609375 C-136.70963283 26.09597086 -103.51984951 10.82383101 -81.82421875 3.82421875 C-55.05608454 -3.98778169 -27.35656985 -5.46774417 0 0 Z " fill="#FEFEFE" transform="translate(673,367)"/>
<path d="M0 0 C7.59 0 15.18 0 23 0 C23 7.59 23 15.18 23 23 C30.26 23 37.52 23 45 23 C45 15.41 45 7.82 45 0 C52.26 0 59.52 0 67 0 C67 7.59 67 15.18 67 23 C74.59 23 82.18 23 90 23 C90 15.41 90 7.82 90 0 C104.85 0 119.7 0 135 0 C135 7.59 135 15.18 135 23 C142.26 23 149.52 23 157 23 C157 15.41 157 7.82 157 0 C164.59 0 172.18 0 180 0 C180 7.59 180 15.18 180 23 C187.26 23 194.52 23 202 23 C202 15.41 202 7.82 202 0 C209.59 0 217.18 0 225 0 C225 7.59 225 15.18 225 23 C232.26 23 239.52 23 247 23 C247 15.41 247 7.82 247 0 C254.59 0 262.18 0 270 0 C270 7.59 270 15.18 270 23 C277.26 23 284.52 23 292 23 C292 15.41 292 7.82 292 0 C299.59 0 307.18 0 315 0 C315 7.59 315 15.18 315 23 C322.26 23 329.52 23 337 23 C337 15.41 337 7.82 337 0 C344.59 0 352.18 0 360 0 C360 7.59 360 15.18 360 23 C367.26 23 374.52 23 382 23 C382 15.41 382 7.82 382 0 C389.59 0 397.18 0 405 0 C405 7.59 405 15.18 405 23 C412.26 23 419.52 23 427 23 C427 15.41 427 7.82 427 0 C434.59 0 442.18 0 450 0 C450 7.59 450 15.18 450 23 C442.74 23 435.48 23 428 23 C428 30.26 428 37.52 428 45 C442.52 45 457.04 45 472 45 C472 37.74 472 30.48 472 23 C479.59 23 487.18 23 495 23 C495 15.41 495 7.82 495 0 C502.59 0 510.18 0 518 0 C518 7.59 518 15.18 518 23 C525.26 23 532.52 23 540 23 C540 15.41 540 7.82 540 0 C547.59 0 555.18 0 563 0 C563 7.59 563 15.18 563 23 C570.26 23 577.52 23 585 23 C585 15.41 585 7.82 585 0 C592.59 0 600.18 0 608 0 C608 7.59 608 15.18 608 23 C613.61 23 619.22 23 625 23 C625 97.91 625 172.82 625 250 C619.39 250 613.78 250 608 250 C608 242.41 608 234.82 608 227 C600.41 227 592.82 227 585 227 C585 219.74 585 212.48 585 205 C592.59 205 600.18 205 608 205 C608 197.41 608 189.82 608 182 C600.41 182 592.82 182 585 182 C585 174.74 585 167.48 585 160 C592.59 160 600.18 160 608 160 C608 152.41 608 144.82 608 137 C600.41 137 592.82 137 585 137 C585 144.26 585 151.52 585 159 C577.74 159 570.48 159 563 159 C563 151.74 563 144.48 563 137 C555.41 137 547.82 137 540 137 C540 144.59 540 152.18 540 160 C547.26 160 554.52 160 562 160 C562 167.26 562 174.52 562 182 C554.74 182 547.48 182 540 182 C540 189.59 540 197.18 540 205 C534.5859375 205.0309375 534.5859375 205.0309375 529.0625 205.0625 C527.92304932 205.071604 526.78359863 205.08070801 525.60961914 205.09008789 C524.71879639 205.09258545 523.82797363 205.09508301 522.91015625 205.09765625 C521.99371338 205.10289307 521.07727051 205.10812988 520.13305664 205.11352539 C518 205 518 205 517 204 C516.91314397 202.43827255 516.89297781 200.87270656 516.90234375 199.30859375 C516.90484131 198.45837646 516.90733887 197.60815918 516.90991211 196.73217773 C516.92356812 195.10131226 516.92356812 195.10131226 516.9375 193.4375 C516.958125 189.993125 516.97875 186.54875 517 183 C509.74 183 502.48 183 495 183 C495 190.26 495 197.52 495 205 C502.26 205 509.52 205 517 205 C517 212.26 517 219.52 517 227 C509.74 227 502.48 227 495 227 C495 234.59 495 242.18 495 250 C502.26 250 509.52 250 517 250 C517 257.26 517 264.52 517 272 C511.39 272 505.78 272 500 272 C499.67 272.66 499.34 273.32 499 274 C498.53851562 273.16339844 498.07703125 272.32679688 497.6015625 271.46484375 C485.55826824 249.8717039 470.82169764 229.95824498 455 211 C454.49662109 210.39220703 453.99324219 209.78441406 453.47460938 209.15820312 C448.76091155 203.46840535 444.05670474 197.83786443 438.71630859 192.71679688 C436.97650414 190.97649746 435.380287 189.16685465 433.78125 187.296875 C430.09289536 183.05643252 426.2253527 179.03349482 422.25 175.0625 C421.55116699 174.36374756 420.85233398 173.66499512 420.13232422 172.94506836 C415.46024622 168.32399558 410.67887938 164.07048289 405.51171875 160.0078125 C402.88907161 157.91132629 400.41468165 155.70344911 397.9375 153.4375 C346.0634422 106.41904824 276.41776963 72.98671423 208 59 C206.40493237 58.66283397 204.80988124 58.32558987 203.21484375 57.98828125 C198.15410148 56.93273541 193.08082416 55.95360967 188 55 C187.28279785 54.86207031 186.5655957 54.72414062 185.82666016 54.58203125 C161.23099704 49.93548091 136.10158209 48.71829793 111.125 48.6875 C110.22258575 48.68400543 109.32017151 48.68051086 108.39041138 48.6769104 C95.94784395 48.65008504 83.72050979 49.4084993 71.35270691 50.75247192 C68.22212199 51.08184047 65.08771078 51.35890497 61.95220947 51.63677979 C16.93527078 55.68879687 -26.5238266 69.57692344 -68 87 C-68 80.73 -68 74.46 -68 68 C-60.74 68 -53.48 68 -46 68 C-46 60.74 -46 53.48 -46 46 C-53.26 46 -60.52 46 -68 46 C-68 38.41 -68 30.82 -68 23 C-60.41 23 -52.82 23 -45 23 C-45 30.59 -45 38.18 -45 46 C-37.74 46 -30.48 46 -23 46 C-23 38.41 -23 30.82 -23 23 C-15.41 23 -7.82 23 0 23 C0 15.41 0 7.82 0 0 Z " fill="#D1D1D1" transform="translate(399,1)"/>
<path d="M0 0 C337.92 0 675.84 0 1024 0 C1024 7.92 1024 15.84 1024 24 C1018.39 24 1012.78 24 1007 24 C1007 16.41 1007 8.82 1007 1 C999.41 1 991.82 1 984 1 C984 8.59 984 16.18 984 24 C976.74 24 969.48 24 962 24 C962 16.41 962 8.82 962 1 C954.41 1 946.82 1 939 1 C939 8.59 939 16.18 939 24 C931.74 24 924.48 24 917 24 C917 16.41 917 8.82 917 1 C909.41 1 901.82 1 894 1 C894 8.59 894 16.18 894 24 C886.41 24 878.82 24 871 24 C871 31.26 871 38.52 871 46 C856.48 46 841.96 46 827 46 C827 38.74 827 31.48 827 24 C834.26 24 841.52 24 849 24 C849 16.41 849 8.82 849 1 C841.41 1 833.82 1 826 1 C826 8.59 826 16.18 826 24 C818.74 24 811.48 24 804 24 C804 16.41 804 8.82 804 1 C796.41 1 788.82 1 781 1 C781 8.59 781 16.18 781 24 C773.74 24 766.48 24 759 24 C759 16.41 759 8.82 759 1 C751.41 1 743.82 1 736 1 C736 8.59 736 16.18 736 24 C728.74 24 721.48 24 714 24 C714 16.41 714 8.82 714 1 C706.41 1 698.82 1 691 1 C691 8.59 691 16.18 691 24 C683.74 24 676.48 24 669 24 C669 16.41 669 8.82 669 1 C661.41 1 653.82 1 646 1 C646 8.59 646 16.18 646 24 C638.74 24 631.48 24 624 24 C624 16.41 624 8.82 624 1 C616.41 1 608.82 1 601 1 C601 8.59 601 16.18 601 24 C593.74 24 586.48 24 579 24 C579 16.41 579 8.82 579 1 C571.41 1 563.82 1 556 1 C556 8.59 556 16.18 556 24 C548.74 24 541.48 24 534 24 C534 16.41 534 8.82 534 1 C519.15 1 504.3 1 489 1 C489 8.59 489 16.18 489 24 C481.41 24 473.82 24 466 24 C466 16.41 466 8.82 466 1 C458.74 1 451.48 1 444 1 C444 8.59 444 16.18 444 24 C436.74 24 429.48 24 422 24 C422 16.41 422 8.82 422 1 C414.41 1 406.82 1 399 1 C399 8.59 399 16.18 399 24 C391.41 24 383.82 24 376 24 C376 31.59 376 39.18 376 47 C368.74 47 361.48 47 354 47 C354 39.41 354 31.82 354 24 C346.41 24 338.82 24 331 24 C331 31.59 331 39.18 331 47 C338.26 47 345.52 47 353 47 C353 54.26 353 61.52 353 69 C345.74 69 338.48 69 331 69 C331 75.27 331 81.54 331 88 C328.751875 89.11375 326.50375 90.2275 324.1875 91.375 C321.12104633 92.90886342 318.06014362 94.45359067 315 96 C314.2462207 96.37979004 313.49244141 96.75958008 312.71582031 97.15087891 C294.59517756 106.32810765 277.43191732 116.98014182 260.84667969 128.69580078 C258.99891693 130.00076491 257.14437034 131.29563667 255.2890625 132.58984375 C246.66438631 138.63940163 238.5290866 145.15011446 230.5 151.97265625 C229.90775635 152.47547119 229.3155127 152.97828613 228.70532227 153.49633789 C227.54738248 154.48125035 226.39153589 155.4686303 225.23803711 156.45874023 C221.21738132 159.89130934 221.21738132 159.89130934 219 161 C219 153.41 219 145.82 219 138 C211.41 138 203.82 138 196 138 C196 130.08 196 122.16 196 114 C203.26 114 210.52 114 218 114 C218 106.74 218 99.48 218 92 C210.74 92 203.48 92 196 92 C196 77.15 196 62.3 196 47 C203.59 47 211.18 47 219 47 C219 39.41 219 31.82 219 24 C226.26 24 233.52 24 241 24 C241 16.41 241 8.82 241 1 C233.41 1 225.82 1 218 1 C218 8.59 218 16.18 218 24 C210.74 24 203.48 24 196 24 C196 16.41 196 8.82 196 1 C188.74 1 181.48 1 174 1 C174 8.59 174 16.18 174 24 C166.74 24 159.48 24 152 24 C151.67 16.74 151.34 9.48 151 2 C140.11 1.505 140.11 1.505 129 1 C129 8.59 129 16.18 129 24 C121.74 24 114.48 24 107 24 C107 16.41 107 8.82 107 1 C99.41 1 91.82 1 84 1 C84 8.59 84 16.18 84 24 C76.41 24 68.82 24 61 24 C61 16.41 61 8.82 61 1 C53.41 1 45.82 1 38 1 C38 8.59 38 16.18 38 24 C30.41 24 22.82 24 15 24 C15 16.41 15 8.82 15 1 C10.05 1 5.1 1 0 1 C0 0.67 0 0.34 0 0 Z " fill="#DFDFDF" transform="translate(0,0)"/>
<path d="M0 0 C4.95 0 9.9 0 15 0 C15 7.59 15 15.18 15 23 C22.59 23 30.18 23 38 23 C38 15.41 38 7.82 38 0 C45.59 0 53.18 0 61 0 C61 7.59 61 15.18 61 23 C68.59 23 76.18 23 84 23 C84 15.41 84 7.82 84 0 C91.59 0 99.18 0 107 0 C107 7.59 107 15.18 107 23 C114.26 23 121.52 23 129 23 C129 15.41 129 7.82 129 0 C132.609375 -0.020625 136.21875 -0.04125 139.9375 -0.0625 C141.07695068 -0.071604 142.21640137 -0.08070801 143.39038086 -0.09008789 C144.28120361 -0.09258545 145.17202637 -0.09508301 146.08984375 -0.09765625 C147.46450806 -0.10551147 147.46450806 -0.10551147 148.86694336 -0.11352539 C151 0 151 0 152 1 C152.08700342 2.63472882 152.10701063 4.27314055 152.09765625 5.91015625 C152.09515869 6.800979 152.09266113 7.69180176 152.09008789 8.60961914 C152.08098389 9.74906982 152.07187988 10.88852051 152.0625 12.0625 C152.041875 15.671875 152.02125 19.28125 152 23 C159.26 23 166.52 23 174 23 C174 15.41 174 7.82 174 0 C181.26 0 188.52 0 196 0 C196 7.59 196 15.18 196 23 C203.26 23 210.52 23 218 23 C218 15.41 218 7.82 218 0 C225.59 0 233.18 0 241 0 C241 7.59 241 15.18 241 23 C233.74 23 226.48 23 219 23 C219 30.59 219 38.18 219 46 C211.41 46 203.82 46 196 46 C196 60.85 196 75.7 196 91 C203.26 91 210.52 91 218 91 C218 98.26 218 105.52 218 113 C210.74 113 203.48 113 196 113 C196 120.92 196 128.84 196 137 C203.59 137 211.18 137 219 137 C220.26201615 158.95908099 220.26201615 158.95908099 217.0546875 163.5078125 C214.5082898 165.99191301 211.94207257 168.00616377 209 170 C207.67129606 171.12700315 206.35740347 172.27181767 205.0625 173.4375 C204.42570313 173.9840625 203.78890625 174.530625 203.1328125 175.09375 C196.60087822 180.9318158 190.47332905 187.26437162 184.79296875 193.9296875 C182.66853176 196.3827411 180.45811363 198.74703147 178.25 201.125 C173.01949977 206.86829437 168.22815709 212.89160923 163.49902344 219.05078125 C161.90532048 221.12311421 160.3006458 223.18666633 158.6953125 225.25 C152.45658496 233.2986342 146.50314171 241.42435852 141 250 C140.05935973 251.44711277 139.11789282 252.89368841 138.17578125 254.33984375 C136.25323473 257.29606462 134.33181819 260.25298339 132.41796875 263.21484375 C131.98637451 263.86606201 131.55478027 264.51728027 131.11010742 265.18823242 C129.85124818 267.1274125 129.85124818 267.1274125 128.8125 269.984375 C127 272 127 272 124.89770508 272.38110352 C122.1786665 272.49468787 119.53219445 272.43425163 116.8125 272.3125 C113.574375 272.209375 110.33625 272.10625 107 272 C107 264.74 107 257.48 107 250 C114.26 250 121.52 250 129 250 C129 242.41 129 234.82 129 227 C121.74 227 114.48 227 107 227 C107 219.41 107 211.82 107 204 C113.93 204 120.86 204 128 204 C128 197.07 128 190.14 128 183 C121.07 183 114.14 183 107 183 C107 175.41 107 167.82 107 160 C113.93 159.67 120.86 159.34 128 159 C128.33 151.74 128.66 144.48 129 137 C136.26 137 143.52 137 151 137 C151 129.41 151 121.82 151 114 C143.74 114 136.48 114 129 114 C129 106.41 129 98.82 129 91 C136.26 91 143.52 91 151 91 C151 83.41 151 75.82 151 68 C143.74 68 136.48 68 129 68 C129 60.74 129 53.48 129 46 C121.41 46 113.82 46 106 46 C106 53.26 106 60.52 106 68 C98.74 68 91.48 68 84 68 C84 75.59 84 83.18 84 91 C76.41 91 68.82 91 61 91 C61 83.41 61 75.82 61 68 C53.41 68 45.82 68 38 68 C38 75.59 38 83.18 38 91 C25.46 91 12.92 91 0 91 C0 60.97 0 30.94 0 0 Z " fill="#DFDFDF" transform="translate(0,1)"/>
<path d="M0 0 C7.59 0 15.18 0 23 0 C23 7.26 23 14.52 23 22 C30.59 22 38.18 22 46 22 C45.96041531 15.13387193 45.96041531 15.13387193 45.90991211 8.26782227 C45.90741455 7.41760498 45.90491699 6.5673877 45.90234375 5.69140625 C45.89710693 4.81685791 45.89187012 3.94230957 45.88647461 3.04125977 C46 1 46 1 47 0 C48.70772358 -0.08713831 50.41898649 -0.10700007 52.12890625 -0.09765625 C53.68061523 -0.09282227 53.68061523 -0.09282227 55.26367188 -0.08789062 C56.35228516 -0.07951172 57.44089844 -0.07113281 58.5625 -0.0625 C60.2012207 -0.05573242 60.2012207 -0.05573242 61.87304688 -0.04882812 C64.58205432 -0.0369984 67.2910338 -0.01906231 70 0 C70 7.26 70 14.52 70 22 C77.59 22 85.18 22 93 22 C93 14.74 93 7.48 93 0 C100.92 0 108.84 0 117 0 C117 7.26 117 14.52 117 22 C124.59 22 132.18 22 140 22 C140 14.74 140 7.48 140 0 C147.92 0 155.84 0 164 0 C164 7.26 164 14.52 164 22 C171.59 22 179.18 22 187 22 C187 29.59 187 37.18 187 45 C179.41 45 171.82 45 164 45 C164 37.74 164 30.48 164 23 C156.41 23 148.82 23 141 23 C141 30.59 141 38.18 141 46 C148.59 46 156.18 46 164 46 C164 53.92 164 61.84 164 70 C171.59 70 179.18 70 187 70 C187 77.59 187 85.18 187 93 C179.41 93 171.82 93 164 93 C164 100.92 164 108.84 164 117 C104.93 117 45.86 117 -15 117 C-15 85.65 -15 54.3 -15 22 C-10.05 22 -5.1 22 0 22 C0 14.74 0 7.48 0 0 Z " fill="#F7F7F7" transform="translate(15,923)"/>
<path d="M0 0 C7.59 0 15.18 0 23 0 C23 14.85 23 29.7 23 45 C30.59 45 38.18 45 46 45 C46 30.15 46 15.3 46 0 C53.59 0 61.18 0 69 0 C69 14.85 69 29.7 69 45 C76.26 45 83.52 45 91 45 C91.495 49.95 91.495 49.95 92 55 C92.33 55.99 92.66 56.98 93 58 C92.24658203 60.1628418 92.24658203 60.1628418 91.0078125 62.69921875 C90.55446533 63.64861328 90.10111816 64.59800781 89.6340332 65.57617188 C89.13605225 66.60291016 88.63807129 67.62964844 88.125 68.6875 C82.37247077 80.89725019 77.49129906 93.2781343 73 106 C72.48808105 107.43714355 72.48808105 107.43714355 71.96582031 108.90332031 C61.72666158 137.85711368 54.50721484 167.63300083 50 198 C49.81228027 199.18142578 49.62456055 200.36285156 49.43115234 201.58007812 C43.83644141 238.00501546 45.63413206 275.26404429 46 312 C38.41 312 30.82 312 23 312 C23 305.07 23 298.14 23 291 C29.93 291 36.86 291 44 291 C44 276.81 44 262.62 44 248 C37.07 248 30.14 248 23 248 C23 261.86 23 275.72 23 290 C15.41 290 7.82 290 0 290 C0 276.14 0 262.28 0 248 C-4.95 248 -9.9 248 -15 248 C-15 181.01 -15 114.02 -15 45 C-10.05 45 -5.1 45 0 45 C0 30.15 0 15.3 0 0 Z " fill="#CBCBCB" transform="translate(15,251)"/>
<path d="M0 0 C7.59 0 15.18 0 23 0 C23 7.26 23 14.52 23 22 C30.26 22 37.52 22 45 22 C45 14.74 45 7.48 45 0 C52.59 0 60.18 0 68 0 C68 7.59 68 15.18 68 23 C60.41 23 52.82 23 45 23 C45 30.26 45 37.52 45 45 C52.59 45 60.18 45 68 45 C68 52.59 68 60.18 68 68 C60.41 68 52.82 68 45 68 C45 75.26 45 82.52 45 90 C52.59 90 60.18 90 68 90 C68 97.59 68 105.18 68 113 C73.61 113 79.22 113 85 113 C85 150.29 85 187.58 85 226 C79.39 226 73.78 226 68 226 C68 218.41 68 210.82 68 203 C60.41 203 52.82 203 45 203 C45 195.74 45 188.48 45 181 C37.74 181 30.48 181 23 181 C23 173.41 23 165.82 23 158 C15.41 158 7.82 158 0 158 C0 165.59 0 173.18 0 181 C-2.5575 181.0825 -5.115 181.165 -7.75 181.25 C-8.54889648 181.28641602 -9.34779297 181.32283203 -10.17089844 181.36035156 C-13.48401263 181.41209289 -15.48627472 181.42332933 -18.08813477 179.27929688 C-20.03260324 176.96113091 -21.23019954 174.88811067 -22.48046875 172.140625 C-23.13728638 170.72475098 -23.13728638 170.72475098 -23.80737305 169.28027344 C-24.26281494 168.2802832 -24.71825684 167.28029297 -25.1875 166.25 C-28.92035517 158.21623273 -32.82114765 150.39732811 -37.3581543 142.78613281 C-40 138.29481254 -40 138.29481254 -40 135 C-34.39 135 -28.78 135 -23 135 C-23 127.74 -23 120.48 -23 113 C-30.26 113 -37.52 113 -45 113 C-45 105.41 -45 97.82 -45 90 C-37.74 90 -30.48 90 -23 90 C-23 82.74 -23 75.48 -23 68 C-30.26 68 -37.52 68 -45 68 C-45 60.74 -45 53.48 -45 46 C-37.74 46 -30.48 46 -23 46 C-22.67 52.93 -22.34 59.86 -22 67 C-14.74 67.33 -7.48 67.66 0 68 C0 60.41 0 52.82 0 45 C7.26 45 14.52 45 22 45 C22 37.74 22 30.48 22 23 C14.74 23 7.48 23 0 23 C0 15.41 0 7.82 0 0 Z " fill="#E5E5E5" transform="translate(939,138)"/>
<path d="M0 0 C4.95 0 9.9 0 15 0 C15 13.86 15 27.72 15 42 C22.59 42 30.18 42 38 42 C38 28.14 38 14.28 38 0 C44.93 0 51.86 0 59 0 C59 14.19 59 28.38 59 43 C52.07 43 45.14 43 38 43 C38 49.93 38 56.86 38 64 C45.92 64 53.84 64 62 64 C62.12117188 66.1553125 62.24234375 68.310625 62.3671875 70.53125 C62.87788489 78.58130825 63.89766036 86.52814137 65.125 94.5 C65.23193176 95.2022168 65.33886353 95.90443359 65.44903564 96.62792969 C68.89194264 119.02220928 74.26542429 140.86933403 80.48828125 162.6484375 C83.71397503 173.98687986 85.36356958 184.12339368 85 196 C77.41 196 69.82 196 62 196 C62 189.07 62 182.14 62 175 C54.08 175 46.16 175 38 175 C38 182.26 38 189.52 38 197 C45.59 197 53.18 197 61 197 C61 226.37 61 255.74 61 286 C53.41 286 45.82 286 38 286 C38 271.15 38 256.3 38 241 C30.41 241 22.82 241 15 241 C15 255.85 15 270.7 15 286 C10.05 286 5.1 286 0 286 C0 191.62 0 97.24 0 0 Z " fill="#E2E2E2" transform="translate(0,499)"/>
<path d="M0 0 C7.59 0 15.18 0 23 0 C23 7.59 23 15.18 23 23 C30.26 23 37.52 23 45 23 C45 15.41 45 7.82 45 0 C52.59 0 60.18 0 68 0 C68 7.59 68 15.18 68 23 C75.26 23 82.52 23 90 23 C90 15.41 90 7.82 90 0 C97.59 0 105.18 0 113 0 C113 7.59 113 15.18 113 23 C118.61 23 124.22 23 130 23 C130 53.03 130 83.06 130 114 C124.39 114 118.78 114 113 114 C113 121.26 113 128.52 113 136 C105.41 136 97.82 136 90 136 C90 128.74 90 121.48 90 114 C82.74 114 75.48 114 68 114 C68 121.26 68 128.52 68 136 C60.41 136 52.82 136 45 136 C45 128.74 45 121.48 45 114 C37.74 114 30.48 114 23 114 C23 121.26 23 128.52 23 136 C15.41 136 7.82 136 0 136 C0 128.74 0 121.48 0 114 C-7.26 114 -14.52 114 -22 114 C-22 106.41 -22 98.82 -22 91 C-14.74 91 -7.48 91 0 91 C0 83.41 0 75.82 0 68 C7.26 68 14.52 68 22 68 C22 60.41 22 52.82 22 45 C14.74 45 7.48 45 0 45 C0 30.15 0 15.3 0 0 Z " fill="#E2E2E2" transform="translate(894,1)"/>
<path d="M0 0 C7.26 0 14.52 0 22 0 C22 7.59 22 15.18 22 23 C29.26 23 36.52 23 44 23 C44 30.26 44 37.52 44 45 C36.74 45 29.48 45 22 45 C22 52.92 22 60.84 22 69 C29.59 69 37.18 69 45 69 C46.26201615 90.95908099 46.26201615 90.95908099 43.0546875 95.5078125 C40.5082898 97.99191301 37.94207257 100.00616377 35 102 C33.67129606 103.12700315 32.35740347 104.27181767 31.0625 105.4375 C30.42570312 105.9840625 29.78890625 106.530625 29.1328125 107.09375 C22.60087822 112.9318158 16.47332905 119.26437162 10.79296875 125.9296875 C8.66853176 128.3827411 6.45811363 130.74703147 4.25 133.125 C-0.98050023 138.86829437 -5.77184291 144.89160923 -10.50097656 151.05078125 C-12.09467952 153.12311421 -13.6993542 155.18666633 -15.3046875 157.25 C-21.54341504 165.2986342 -27.49685829 173.42435852 -33 182 C-33.94064027 183.44711277 -34.88210718 184.89368841 -35.82421875 186.33984375 C-37.74676527 189.29606462 -39.66818181 192.25298339 -41.58203125 195.21484375 C-42.01362549 195.86606201 -42.44521973 196.51728027 -42.88989258 197.18823242 C-44.14875182 199.1274125 -44.14875182 199.1274125 -45.1875 201.984375 C-47 204 -47 204 -49.10229492 204.38110352 C-51.8213335 204.49468787 -54.46780555 204.43425163 -57.1875 204.3125 C-60.425625 204.209375 -63.66375 204.10625 -67 204 C-67 196.74 -67 189.48 -67 182 C-59.74 182 -52.48 182 -45 182 C-45 174.41 -45 166.82 -45 159 C-52.26 159 -59.52 159 -67 159 C-67 151.41 -67 143.82 -67 136 C-60.07 136 -53.14 136 -46 136 C-46 129.07 -46 122.14 -46 115 C-52.93 115 -59.86 115 -67 115 C-67 107.41 -67 99.82 -67 92 C-56.605 91.505 -56.605 91.505 -46 91 C-45.67 83.74 -45.34 76.48 -45 69 C-37.74 69 -30.48 69 -23 69 C-23 61.41 -23 53.82 -23 46 C-30.26 46 -37.52 46 -45 46 C-45 38.41 -45 30.82 -45 23 C-30.15 23 -15.3 23 0 23 C0 15.41 0 7.82 0 0 Z " fill="#E5E6E5" transform="translate(174,69)"/>
<path d="M0 0 C12.84088417 -1.45618274 20.52955906 2.14317444 31.875 7.9296875 C52.22893882 18.30734778 74.32472193 24.97523335 96 32 C96 36.95 96 41.9 96 47 C103.59 47 111.18 47 119 47 C119 54.59 119 62.18 119 70 C134.51 70 150.02 70 166 70 C166 62.41 166 54.82 166 47 C166.33 47 166.66 47 167 47 C167 54.59 167 62.18 167 70 C174.59 70 182.18 70 190 70 C190 63.07 190 56.14 190 49 C205.51 49 221.02 49 237 49 C237 63.85 237 78.7 237 94 C166.71 94 96.42 94 24 94 C24 86.08 24 78.16 24 70 C16.08 70 8.16 70 0 70 C0 62.41 0 54.82 0 47 C7.92 47 15.84 47 24 47 C24 39.08 24 31.16 24 23 C16.08 23 8.16 23 0 23 C0 15.41 0 7.82 0 0 Z " fill="#E2E2E2" transform="translate(298,946)"/>
<path d="M0 0 C14.52 0 29.04 0 44 0 C44.7862674 15.0373641 45.09295145 29.94186523 45 45 C52.26 45 59.52 45 67 45 C67 37.74 67 30.48 67 23 C74.59 23 82.18 23 90 23 C90 30.26 90 37.52 90 45 C93.17625 44.979375 96.3525 44.95875 99.625 44.9375 C111.11224051 44.9017006 122.52864463 45.40408544 134 46 C134 53.26 134 60.52 134 68 C126.74 68 119.48 68 112 68 C112 75.59 112 83.18 112 91 C106.5859375 91.0309375 106.5859375 91.0309375 101.0625 91.0625 C99.92304932 91.071604 98.78359863 91.08070801 97.60961914 91.09008789 C96.71879639 91.09258545 95.82797363 91.09508301 94.91015625 91.09765625 C93.53549194 91.10551147 93.53549194 91.10551147 92.13305664 91.11352539 C90 91 90 91 89 90 C88.91314397 88.43827255 88.89297781 86.87270656 88.90234375 85.30859375 C88.90484131 84.45837646 88.90733887 83.60815918 88.90991211 82.73217773 C88.91901611 81.64493408 88.92812012 80.55769043 88.9375 79.4375 C88.958125 75.993125 88.97875 72.54875 89 69 C81.74 69 74.48 69 67 69 C67 76.26 67 83.52 67 91 C74.26 91 81.52 91 89 91 C89 98.26 89 105.52 89 113 C81.74 113 74.48 113 67 113 C67 120.59 67 128.18 67 136 C74.26 136 81.52 136 89 136 C89 143.26 89 150.52 89 158 C83.39 158 77.78 158 72 158 C71.67 158.66 71.34 159.32 71 160 C70.53851562 159.16339844 70.07703125 158.32679688 69.6015625 157.46484375 C57.55826824 135.8717039 42.82169764 115.95824498 27 97 C26.49662109 96.39220703 25.99324219 95.78441406 25.47460938 95.15820312 C20.76075724 89.4682191 16.05635475 83.83757857 10.71582031 78.71630859 C8.97870442 76.97869836 7.38534561 75.17201064 5.7890625 73.3046875 C2.05957192 69.01665756 -1.85946567 64.95693291 -5.875 60.9375 C-6.53113281 60.26912109 -7.18726563 59.60074219 -7.86328125 58.91210938 C-11.39387056 55.3711967 -14.77911592 52.48197365 -18.97265625 49.75 C-21.71363487 47.67156215 -22.82854859 46.65183329 -23.7109375 43.29711914 C-23.88604312 40.15718017 -23.78866543 37.2010179 -23.5625 34.0625 C-23.376875 30.411875 -23.19125 26.76125 -23 23 C-15.41 23 -7.82 23 0 23 C0 15.41 0 7.82 0 0 Z " fill="#E3E3E3" transform="translate(827,115)"/>
<path d="M0 0 C215.16 0 430.32 0 652 0 C652 7.92 652 15.84 652 24 C646.39 24 640.78 24 635 24 C635 16.41 635 8.82 635 1 C627.41 1 619.82 1 612 1 C612 8.59 612 16.18 612 24 C604.74 24 597.48 24 590 24 C590 16.41 590 8.82 590 1 C582.41 1 574.82 1 567 1 C567 8.59 567 16.18 567 24 C559.74 24 552.48 24 545 24 C545 16.41 545 8.82 545 1 C537.41 1 529.82 1 522 1 C522 8.59 522 16.18 522 24 C514.41 24 506.82 24 499 24 C499 31.26 499 38.52 499 46 C484.48 46 469.96 46 455 46 C455 38.74 455 31.48 455 24 C462.26 24 469.52 24 477 24 C477 16.41 477 8.82 477 1 C469.41 1 461.82 1 454 1 C454 8.59 454 16.18 454 24 C446.74 24 439.48 24 432 24 C432 16.41 432 8.82 432 1 C424.41 1 416.82 1 409 1 C409 8.59 409 16.18 409 24 C401.74 24 394.48 24 387 24 C387 16.41 387 8.82 387 1 C379.41 1 371.82 1 364 1 C364 8.59 364 16.18 364 24 C356.74 24 349.48 24 342 24 C342 16.41 342 8.82 342 1 C334.41 1 326.82 1 319 1 C319 8.59 319 16.18 319 24 C311.74 24 304.48 24 297 24 C297 16.41 297 8.82 297 1 C289.41 1 281.82 1 274 1 C274 8.59 274 16.18 274 24 C266.74 24 259.48 24 252 24 C252 16.41 252 8.82 252 1 C244.41 1 236.82 1 229 1 C229 8.59 229 16.18 229 24 C221.74 24 214.48 24 207 24 C207 16.41 207 8.82 207 1 C199.41 1 191.82 1 184 1 C184 8.59 184 16.18 184 24 C176.74 24 169.48 24 162 24 C162 16.41 162 8.82 162 1 C147.15 1 132.3 1 117 1 C117 8.59 117 16.18 117 24 C109.41 24 101.82 24 94 24 C94 16.41 94 8.82 94 1 C86.74 1 79.48 1 72 1 C72 8.59 72 16.18 72 24 C64.74 24 57.48 24 50 24 C50 16.41 50 8.82 50 1 C42.41 1 34.82 1 27 1 C27 8.59 27 16.18 27 24 C19.41 24 11.82 24 4 24 C4 16.41 4 8.82 4 1 C2.68 0.67 1.36 0.34 0 0 Z " fill="#FEFEFE" transform="translate(372,0)"/>
<path d="M0 0 C7.59 0 15.18 0 23 0 C23 7.26 23 14.52 23 22 C30.92 22 38.84 22 47 22 C47 14.74 47 7.48 47 0 C52.28 0 57.56 0 63 0 C63 31.02 63 62.04 63 94 C34.29 94 5.58 94 -24 94 C-24 86.08 -24 78.16 -24 70 C-16.08 70 -8.16 70 0 70 C-0.495 58.615 -0.495 58.615 -1 47 C-8.59 47 -16.18 47 -24 47 C-24 39.08 -24 31.16 -24 23 C-16.08 23 -8.16 23 0 23 C0 15.41 0 7.82 0 0 Z " fill="#E2E2E2" transform="translate(961,946)"/>
<path d="M0 0 C7.59 0 15.18 0 23 0 C23 7.26 23 14.52 23 22 C30.59 22 38.18 22 46 22 C46 14.74 46 7.48 46 0 C49.63 0 53.26 0 57 0 C56.39799545 3.66703276 55.79342312 7.33361428 55.1875 11 C55.02185547 12.010625 54.85621094 13.02125 54.68554688 14.0625 C53.8126031 19.33310394 52.8972312 24.59006647 51.88796997 29.83648682 C50.26972061 38.27409218 48.81462267 46.71344462 47.8125 55.25 C47.6816803 56.35592499 47.6816803 56.35592499 47.54821777 57.48419189 C43.9864564 89.34655978 45.68121607 121.99164086 46 154 C38.41 154 30.82 154 23 154 C23 147.07 23 140.14 23 133 C29.93 133 36.86 133 44 133 C44 118.81 44 104.62 44 90 C37.07 90 30.14 90 23 90 C23 103.86 23 117.72 23 132 C15.41 132 7.82 132 0 132 C0 118.14 0 104.28 0 90 C-4.95 90 -9.9 90 -15 90 C-15 67.56 -15 45.12 -15 22 C-10.05 22 -5.1 22 0 22 C0 14.74 0 7.48 0 0 Z " fill="#E1E2E1" transform="translate(15,409)"/>
<path d="M0 0 C7.26 0 14.52 0 22 0 C22 7.26 22 14.52 22 22 C29.59 22 37.18 22 45 22 C45 14.74 45 7.48 45 0 C52.26 0 59.52 0 67 0 C67 7.26 67 14.52 67 22 C74.59 22 82.18 22 90 22 C90 14.74 90 7.48 90 0 C97.26 0 104.52 0 112 0 C112 7.26 112 14.52 112 22 C119.59 22 127.18 22 135 22 C135 14.74 135 7.48 135 0 C140.61 0 146.22 0 152 0 C152 44.88 152 89.76 152 136 C146.39 136 140.78 136 135 136 C135 128.41 135 120.82 135 113 C127.41 113 119.82 113 112 113 C112 105.74 112 98.48 112 91 C119.59 91 127.18 91 135 91 C135 83.41 135 75.82 135 68 C127.41 68 119.82 68 112 68 C112 60.74 112 53.48 112 46 C119.59 46 127.18 46 135 46 C135 38.41 135 30.82 135 23 C127.41 23 119.82 23 112 23 C112 30.26 112 37.52 112 45 C104.74 45 97.48 45 90 45 C90 37.74 90 30.48 90 23 C82.41 23 74.82 23 67 23 C67 30.26 67 37.52 67 45 C59.74 45 52.48 45 45 45 C45 37.74 45 30.48 45 23 C37.41 23 29.82 23 22 23 C22 30.26 22 37.52 22 45 C14.74 45 7.48 45 0 45 C0 30.15 0 15.3 0 0 Z " fill="#CBCBCB" transform="translate(872,115)"/>
<path d="M0 0 C-0.33 0.99 -0.66 1.98 -1 3 C-1.33 6.63 -1.66 10.26 -2 14 C-9.59 14 -17.18 14 -25 14 C-25 21.59 -25 29.18 -25 37 C-32.59 37 -40.18 37 -48 37 C-48 44.92 -48 52.84 -48 61 C-63.84 61 -79.68 61 -96 61 C-96 46.15 -96 31.3 -96 16 C-111.51 16 -127.02 16 -143 16 C-143 22.93 -143 29.86 -143 37 C-166.43 37 -189.86 37 -214 37 C-214 29.41 -214 21.82 -214 14 C-221.59 14 -229.18 14 -237 14 C-237 9.38 -237 4.76 -237 0 C-229.52299076 0.69922156 -222.40713435 2.52670188 -215.125 4.3125 C-205.27999069 6.67772873 -195.45276274 8.77892723 -185.4375 10.3125 C-184.49084473 10.45921143 -183.54418945 10.60592285 -182.56884766 10.75708008 C-179.38364499 11.2193091 -176.19586656 11.61804483 -173 12 C-172.30897186 12.0864679 -171.61794373 12.17293579 -170.90597534 12.26202393 C-155.69595727 14.12038811 -140.55406384 14.31275327 -125.24487305 14.26074219 C-121.87372659 14.24938299 -118.50289709 14.25611988 -115.13176155 14.26760578 C-92.5887077 14.33305298 -70.47546908 13.15099702 -48.25 9.3125 C-47.50204163 9.18704803 -46.75408325 9.06159607 -45.98345947 8.93234253 C-33.92774964 6.90335089 -22.104078 4.28619524 -10.30175781 1.09692383 C-8.69445801 0.66416138 -8.69445801 0.66416138 -7.0546875 0.22265625 C-6.12124512 -0.03765381 -5.18780273 -0.29796387 -4.22607422 -0.56616211 C-2 -1 -2 -1 0 0 Z " fill="#CACACA" transform="translate(631,979)"/>
<path d="M0 0 C7.59 0 15.18 0 23 0 C23 7.59 23 15.18 23 23 C30.26 23 37.52 23 45 23 C45 15.41 45 7.82 45 0 C52.59 0 60.18 0 68 0 C68 15.18 68 30.36 68 46 C60.41 46 52.82 46 45 46 C45 53.26 45 60.52 45 68 C52.59 68 60.18 68 68 68 C68 75.59 68 83.18 68 91 C75.26 91 82.52 91 90 91 C90 96.61 90 102.22 90 108 C85.86677526 107.17335505 83.8520561 106.5743327 80.3671875 104.59375 C79.48957764 104.10205322 78.61196777 103.61035645 77.70776367 103.10375977 C76.77295166 102.57451904 75.83813965 102.04527832 74.875 101.5 C44.10516562 84.47662371 11.73584685 72.63570609 -22 63 C-22 57.39 -22 51.78 -22 46 C-14.74 46 -7.48 46 0 46 C0 30.82 0 15.64 0 0 Z " fill="#ECECEC" transform="translate(646,1)"/>
<path d="M0 0 C12.54 0 25.08 0 38 0 C38 7.59 38 15.18 38 23 C45.59 23 53.18 23 61 23 C61 30.59 61 38.18 61 46 C68.59 46 76.18 46 84 46 C84 53.26 84 60.52 84 68 C76.41 68 68.82 68 61 68 C61 75.59 61 83.18 61 91 C53.41 91 45.82 91 38 91 C38 83.41 38 75.82 38 68 C30.41 68 22.82 68 15 68 C15 75.59 15 83.18 15 91 C10.05 91 5.1 91 0 91 C0 60.97 0 30.94 0 0 Z " fill="#CBCBCB" transform="translate(0,115)"/>
<path d="M0 0 C10.32333616 6.28299597 18.42294469 14.87052743 21.828125 26.74609375 C23.9956618 39.79002054 22.23509738 52.4880303 14.66796875 63.57421875 C8.41877254 71.61635984 0.45796411 77.54094346 -9.734375 79.37890625 C-22.0115088 80.51454113 -31.39291321 78.24611744 -41.046875 70.44140625 C-48.47651258 63.27497644 -53.69096961 52.69913406 -54.734375 42.37890625 C-54.81558594 41.61578125 -54.89679688 40.85265625 -54.98046875 40.06640625 C-55.55093062 29.27949094 -51.69917904 18.57187885 -44.734375 10.37890625 C-33.27137038 -1.95725693 -15.90211179 -7.76174504 0 0 Z " fill="#FCFCFC" transform="translate(370.734375,303.62109375)"/>
<path d="M0 0 C7.59 0 15.18 0 23 0 C23 7.59 23 15.18 23 23 C15.74 23 8.48 23 1 23 C1 30.59 1 38.18 1 46 C8.26 46 15.52 46 23 46 C23 53.26 23 60.52 23 68 C30.26 68 37.52 68 45 68 C45 75.59 45 83.18 45 91 C37.74 91 30.48 91 23 91 C23 98.26 23 105.52 23 113 C7.02915194 114.26501767 7.02915194 114.26501767 -1 109 C-0.67 103.06 -0.34 97.12 0 91 C-7.26 91 -14.52 91 -22 91 C-22 83.41 -22 75.82 -22 68 C-29.59 68 -37.18 68 -45 68 C-45 60.74 -45 53.48 -45 46 C-37.41 46 -29.82 46 -22 46 C-22 38.41 -22 30.82 -22 23 C-14.74 23 -7.48 23 0 23 C0 15.41 0 7.82 0 0 Z " fill="#CCCCCC" transform="translate(736,1)"/>
<path d="M0 0 C7.59 0 15.18 0 23 0 C23 7.59 23 15.18 23 23 C30.59 23 38.18 23 46 23 C46 30.26 46 37.52 46 45 C51.61 45 57.22 45 63 45 C61.38911645 52.78593716 59.23456312 60.37428218 57 68 C53.37 68 49.74 68 46 68 C46 75.26 46 82.52 46 90 C38.41 90 30.82 90 23 90 C23 82.74 23 75.48 23 68 C15.41 68 7.82 68 0 68 C0 75.26 0 82.52 0 90 C-4.95 90 -9.9 90 -15 90 C-15 67.89 -15 45.78 -15 23 C-10.05 23 -5.1 23 0 23 C0 15.41 0 7.82 0 0 Z " fill="#FCFCFC" transform="translate(15,341)"/>
<path d="M0 0 C7.59 0 15.18 0 23 0 C23 7.26 23 14.52 23 22 C28.61 22 34.22 22 40 22 C40 43.78 40 65.56 40 88 C34.39 88 28.78 88 23 88 C23 81.07 23 74.14 23 67 C15.41 67 7.82 67 0 67 C0 73.93 0 80.86 0 88 C-7.59 88 -15.18 88 -23 88 C-23 81.07 -23 74.14 -23 67 C-25.64 67 -28.28 67 -31 67 C-29.59072875 57.5059621 -28.01790395 48.04211249 -26.40917969 38.58007812 C-26.24192383 37.58814453 -26.07466797 36.59621094 -25.90234375 35.57421875 C-25.75273193 34.69338623 -25.60312012 33.81255371 -25.44897461 32.9050293 C-24.88889296 29.28109699 -24.45483009 25.63864074 -24 22 C-16.08 22 -8.16 22 0 22 C0 14.74 0 7.48 0 0 Z " fill="#E4E4E4" transform="translate(984,563)"/>
<path d="M0 0 C9.8417972 5.775829 15.45310858 13.41400686 18.6875 24.375 C20.88488976 34.87598761 19.38043434 44.9286843 13.75 54.0625 C7.67381832 62.49749422 0.62358274 68.12939142 -9.625 70.4375 C-18.24044298 71.57662392 -26.6857549 69.78952881 -33.8125 64.75 C-42.12411376 57.9327976 -47.85626826 50.19866227 -49.625 39.4375 C-50.59662296 29.49827494 -48.70461648 19.3677903 -42.9375 11.0625 C-32.13263314 -1.8433132 -15.68254987 -7.39630977 0 0 Z " fill="#FCFCFC" transform="translate(741.625,402.5625)"/>
<path d="M0 0 C109.23 0 218.46 0 331 0 C331 0.33 331 0.66 331 1 C323.41 1 315.82 1 308 1 C308 8.59 308 16.18 308 24 C300.74 24 293.48 24 286 24 C286 16.41 286 8.82 286 1 C278.41 1 270.82 1 263 1 C263 8.59 263 16.18 263 24 C255.74 24 248.48 24 241 24 C241 16.41 241 8.82 241 1 C233.41 1 225.82 1 218 1 C218 8.59 218 16.18 218 24 C210.74 24 203.48 24 196 24 C196 16.41 196 8.82 196 1 C188.74 1 181.48 1 174 1 C174 8.59 174 16.18 174 24 C166.74 24 159.48 24 152 24 C151.67 16.74 151.34 9.48 151 2 C140.11 1.505 140.11 1.505 129 1 C129 8.59 129 16.18 129 24 C121.74 24 114.48 24 107 24 C107 16.41 107 8.82 107 1 C99.41 1 91.82 1 84 1 C84 8.59 84 16.18 84 24 C76.41 24 68.82 24 61 24 C61 16.41 61 8.82 61 1 C53.41 1 45.82 1 38 1 C38 8.59 38 16.18 38 24 C30.41 24 22.82 24 15 24 C15 16.41 15 8.82 15 1 C10.05 1 5.1 1 0 1 C0 0.67 0 0.34 0 0 Z " fill="#FDFEFD" transform="translate(0,0)"/>
<path d="M0 0 C6.27 0 12.54 0 19 0 C19 13.86 19 27.72 19 42 C26.59 42 34.18 42 42 42 C42 28.14 42 14.28 42 0 C47.61 0 53.22 0 59 0 C59 28.38 59 56.76 59 86 C53.39 86 47.78 86 42 86 C42 78.74 42 71.48 42 64 C34.41 64 26.82 64 19 64 C19 71.26 19 78.52 19 86 C11.41 86 3.82 86 -4 86 C-3.73469272 81.66235475 -3.46855495 77.32477524 -3.20043945 72.98730469 C-3.10980618 71.51728114 -3.01962312 70.04722975 -2.92993164 68.57714844 C-2.7995785 66.4419786 -2.66781001 64.30690309 -2.53515625 62.171875 C-2.49113174 61.46061462 -2.44710724 60.74935425 -2.40174866 60.01654053 C-2.15376796 56.10727753 -1.84252469 52.21148304 -1.46875 48.3125 C-0.66178775 38.98512944 -0.63044196 29.60571626 -0.4375 20.25 C-0.39421457 18.28124262 -0.35059744 16.3124925 -0.30664062 14.34375 C-0.19998988 9.56257686 -0.10014375 4.78133137 0 0 Z " fill="#CACACA" transform="translate(965,499)"/>
<path d="M0 0 C0.33 0 0.66 0 1 0 C1 7.59 1 15.18 1 23 C8.59 23 16.18 23 24 23 C24 16.07 24 9.14 24 2 C39.51 2 55.02 2 71 2 C71 16.85 71 31.7 71 47 C39.98 47 8.96 47 -23 47 C-23 39.08 -23 31.16 -23 23 C-15.41 23 -7.82 23 0 23 C0 15.41 0 7.82 0 0 Z " fill="#CBCBCB" transform="translate(464,993)"/>
<path d="M0 0 C13.2 0 26.4 0 40 0 C40 14.85 40 29.7 40 45 C34.39 45 28.78 45 23 45 C23 58.86 23 72.72 23 87 C15.41 87 7.82 87 0 87 C0 73.14 0 59.28 0 45 C-6.6 45 -13.2 45 -20 45 C-20.33 37.41 -20.66 29.82 -21 22 C-14.07 22 -7.14 22 0 22 C0 14.74 0 7.48 0 0 Z " fill="#CBCCCB" transform="translate(984,454)"/>
<path d="M0 0 C7.26 0 14.52 0 22 0 C22 7.26 22 14.52 22 22 C29.59 22 37.18 22 45 22 C45 14.74 45 7.48 45 0 C52.26 0 59.52 0 67 0 C67 7.26 67 14.52 67 22 C74.59 22 82.18 22 90 22 C90 14.74 90 7.48 90 0 C97.26 0 104.52 0 112 0 C112 14.85 112 29.7 112 45 C104.74 45 97.48 45 90 45 C90 37.74 90 30.48 90 23 C82.41 23 74.82 23 67 23 C67 30.26 67 37.52 67 45 C59.74 45 52.48 45 45 45 C45 37.74 45 30.48 45 23 C37.41 23 29.82 23 22 23 C22 30.26 22 37.52 22 45 C14.74 45 7.48 45 0 45 C0 30.15 0 15.3 0 0 Z " fill="#CACBCA" transform="translate(872,115)"/>
<path d="M0 0 C4.95 0 9.9 0 15 0 C15 7.92 15 15.84 15 24 C22.59 24 30.18 24 38 24 C38 31.59 38 39.18 38 47 C45.59 47 53.18 47 61 47 C61 54.92 61 62.84 61 71 C40.87 71 20.74 71 0 71 C0 47.57 0 24.14 0 0 Z " fill="#CACACA" transform="translate(0,969)"/>
<path d="M0 0 C7.47700924 0.69922156 14.59286565 2.52670188 21.875 4.3125 C31.72000931 6.67772873 41.54723726 8.77892723 51.5625 10.3125 C52.50915527 10.45921143 53.45581055 10.60592285 54.43115234 10.75708008 C57.61633086 11.21930559 60.80420469 11.61767757 64 12 C64.68903412 12.08680023 65.37806824 12.17360046 66.08798218 12.26303101 C82.08442843 14.23205325 98.03991919 14.275681 114.13360596 14.19561768 C116.87575753 14.18477978 119.61785994 14.18519082 122.36002922 14.18563652 C136.61054846 14.18501161 150.78081649 13.98144558 165 13 C165 20.92 165 28.84 165 37 C157.08 37 149.16 37 141 37 C141 30.07 141 23.14 141 16 C125.49 16 109.98 16 94 16 C94 22.93 94 29.86 94 37 C70.57 37 47.14 37 23 37 C23 29.41 23 21.82 23 14 C15.41 14 7.82 14 0 14 C0 9.38 0 4.76 0 0 Z " fill="#C9CAC9" transform="translate(394,979)"/>
<path d="M0 0 C7.26 0 14.52 0 22 0 C22 7.59 22 15.18 22 23 C29.26 23 36.52 23 44 23 C44 30.26 44 37.52 44 45 C36.74 45 29.48 45 22 45 C22 52.59 22 60.18 22 68 C14.74 68 7.48 68 0 68 C0 60.41 0 52.82 0 45 C-7.59 45 -15.18 45 -23 45 C-23 37.74 -23 30.48 -23 23 C-15.41 23 -7.82 23 0 23 C0 15.41 0 7.82 0 0 Z " fill="#FBFBFB" transform="translate(219,24)"/>
<path d="M0 0 C7.59 0 15.18 0 23 0 C23 7.59 23 15.18 23 23 C30.26 23 37.52 23 45 23 C45 30.59 45 38.18 45 46 C37.74 46 30.48 46 23 46 C23 51.28 23 56.56 23 62 C15.125 60.875 15.125 60.875 11.37890625 60.02734375 C10.58935547 59.85009766 9.79980469 59.67285156 8.98632812 59.49023438 C8.18646484 59.30783203 7.38660156 59.12542969 6.5625 58.9375 C5.73556641 58.75123047 4.90863281 58.56496094 4.05664062 58.37304688 C2.03720996 57.9177995 0.01852613 57.45924139 -2 57 C-1.01 56.505 -1.01 56.505 0 56 C0 52.7 0 49.4 0 46 C-7.26 46 -14.52 46 -22 46 C-22 38.41 -22 30.82 -22 23 C-14.74 23 -7.48 23 0 23 C0 15.41 0 7.82 0 0 Z " fill="#D0D0D0" transform="translate(601,1)"/>
<path d="M0 0 C0.66 0.66 1.32 1.32 2 2 C3.93257855 2.36831081 3.93257855 2.36831081 6.1328125 2.4140625 C7.22166748 2.46747803 7.22166748 2.46747803 8.33251953 2.52197266 C9.71479736 2.57297119 9.71479736 2.57297119 11.125 2.625 C15.518125 2.810625 15.518125 2.810625 20 3 C20 10.26 20 17.52 20 25 C12.08 25 4.16 25 -4 25 C-4 32.26 -4 39.52 -4 47 C3.92 47 11.84 47 20 47 C20 54.26 20 61.52 20 69 C12.08 69 4.16 69 -4 69 C-4 76.26 -4 83.52 -4 91 C-11.59 91 -19.18 91 -27 91 C-29.57593586 72.84578539 -25.94676737 62.56205159 -17.71820068 46.53567505 C-14.26792067 39.72582779 -11.58587588 32.65152266 -8.9375 25.5 C-8.49760742 24.32622803 -8.05771484 23.15245605 -7.60449219 21.94311523 C-4.91217841 14.67958529 -2.40209375 7.36430272 0 0 Z " fill="#C9C9C9" transform="translate(941,671)"/>
<path d="M0 0 C7.26 0 14.52 0 22 0 C22.495 4.95 22.495 4.95 23 10 C23.495 11.485 23.495 11.485 24 13 C23.24658203 15.1628418 23.24658203 15.1628418 22.0078125 17.69921875 C21.32779175 19.12331055 21.32779175 19.12331055 20.6340332 20.57617188 C20.13605225 21.60291016 19.63807129 22.62964844 19.125 23.6875 C9.32781091 44.4820456 -0.47618897 67.38094486 -5 90 C-10.94 90 -16.88 90 -23 90 C-23 82.74 -23 75.48 -23 68 C-15.41 68 -7.82 68 0 68 C0 60.41 0 52.82 0 45 C-7.59 45 -15.18 45 -23 45 C-23 37.74 -23 30.48 -23 23 C-15.41 23 -7.82 23 0 23 C0 15.41 0 7.82 0 0 Z " fill="#CBCBCB" transform="translate(84,296)"/>
<path d="M0 0 C7.92 0 15.84 0 24 0 C24 6.93 24 13.86 24 21 C31.59 21 39.18 21 47 21 C46.67 14.73 46.34 8.46 46 2 C47.83162205 4.74743307 48.75577212 6.86500639 49.8125 9.953125 C50.16094971 10.95400146 50.50939941 11.95487793 50.8684082 12.98608398 C51.2418335 14.06317627 51.61525879 15.14026855 52 16.25 C55.79352575 27.0112261 60.08359493 37.45728405 64.73828125 47.87109375 C66.29996075 51.39545174 67.8563572 54.92118196 69.35546875 58.47265625 C69.69602295 59.2706665 70.03657715 60.06867676 70.38745117 60.89086914 C71 63 71 63 70 66 C62.41 66 54.82 66 47 66 C47 58.74 47 51.48 47 44 C39.08 44 31.16 44 23 44 C23 36.74 23 29.48 23 22 C15.41 22 7.82 22 0 22 C0 14.74 0 7.48 0 0 Z " fill="#CACACA" transform="translate(38,674)"/>
<path d="M0 0 C5.61 0 11.22 0 17 0 C17 22.44 17 44.88 17 68 C11.39 68 5.78 68 0 68 C0 60.41 0 52.82 0 45 C-7.59 45 -15.18 45 -23 45 C-23 37.74 -23 30.48 -23 23 C-15.41 23 -7.82 23 0 23 C0 15.41 0 7.82 0 0 Z " fill="#FCFDFC" transform="translate(1007,296)"/>
<path d="M0 0 C5.61 0 11.22 0 17 0 C17 22.44 17 44.88 17 68 C11.39 68 5.78 68 0 68 C0 60.41 0 52.82 0 45 C-7.59 45 -15.18 45 -23 45 C-23 37.74 -23 30.48 -23 23 C-15.41 23 -7.82 23 0 23 C0 15.41 0 7.82 0 0 Z " fill="#CCCCCC" transform="translate(1007,24)"/>
<path d="M0 0 C5.7658376 -0.0229613 11.53151639 -0.04287324 17.29736328 -0.05493164 C19.25863177 -0.05995887 21.21989652 -0.06678157 23.18115234 -0.07543945 C26.00098597 -0.08757545 28.82077002 -0.09324444 31.640625 -0.09765625 C32.95489471 -0.10539818 32.95489471 -0.10539818 34.29571533 -0.11329651 C35.52653839 -0.11340981 35.52653839 -0.11340981 36.78222656 -0.11352539 C37.86144379 -0.11685631 37.86144379 -0.11685631 38.96246338 -0.12025452 C41 0 41 0 45 1 C45 16.18 45 31.36 45 47 C37.74 47 30.48 47 23 47 C23 39.41 23 31.82 23 24 C15.41 24 7.82 24 0 24 C0 16.08 0 8.16 0 0 Z " fill="#FDFDFD" transform="translate(331,0)"/>
<path d="M0 0 C4.95 0 9.9 0 15 0 C15 7.59 15 15.18 15 23 C22.59 23 30.18 23 38 23 C38 30.26 38 37.52 38 45 C30.41 45 22.82 45 15 45 C15 52.59 15 60.18 15 68 C10.05 68 5.1 68 0 68 C0 45.56 0 23.12 0 0 Z " fill="#FCFCFC" transform="translate(0,808)"/>
<path d="M0 0 C7.59 0 15.18 0 23 0 C23 7.26 23 14.52 23 22 C30.59 22 38.18 22 46 22 C46 14.74 46 7.48 46 0 C51.61 0 57.22 0 63 0 C63 7.59 63 15.18 63 23 C57.39 23 51.78 23 46 23 C46 30.26 46 37.52 46 45 C38.41 45 30.82 45 23 45 C23 37.74 23 30.48 23 23 C15.41 23 7.82 23 0 23 C0 15.41 0 7.82 0 0 Z " fill="#CACACA" transform="translate(961,740)"/>
<path d="M0 0 C7.59 0 15.18 0 23 0 C23 7.59 23 15.18 23 23 C30.26 23 37.52 23 45 23 C45 30.26 45 37.52 45 45 C37.74 45 30.48 45 23 45 C23 47.97 23 50.94 23 54 C15.53499933 57.95998907 7.9184997 61.05162245 0 64 C0 57.73 0 51.46 0 45 C7.26 45 14.52 45 22 45 C22 37.74 22 30.48 22 23 C14.74 23 7.48 23 0 23 C0 15.41 0 7.82 0 0 Z " fill="#CACACA" transform="translate(331,24)"/>
<path d="M0 0 C7.59 0 15.18 0 23 0 C23 15.18 23 30.36 23 46 C30.26 46 37.52 46 45 46 C45 49.3 45 52.6 45 56 C24.92878338 54.92878338 24.92878338 54.92878338 22 52 C22 50.02 22 48.04 22 46 C14.74 46 7.48 46 0 46 C0 30.82 0 15.64 0 0 Z " fill="#FDFDFD" transform="translate(556,1)"/>
<path d="M0 0 C7.26 0.33 14.52 0.66 22 1 C22 8.26 22 15.52 22 23 C29.59 23 37.18 23 45 23 C45 30.59 45 38.18 45 46 C52.26 46 59.52 46 67 46 C67 53.26 67 60.52 67 68 C61.39 68 55.78 68 50 68 C49.67 68.66 49.34 69.32 49 70 C48.53851562 69.16339844 48.07703125 68.32679688 47.6015625 67.46484375 C36.71491144 47.9455184 23.68054782 29.56826978 9.40112305 12.38891602 C8.89750244 11.78233154 8.39388184 11.17574707 7.875 10.55078125 C7.43929687 10.03169189 7.00359375 9.51260254 6.5546875 8.9777832 C4.26481032 6.06473436 2.15367309 3.01514233 0 0 Z " fill="#C8C8C8" transform="translate(849,205)"/>
<path d="M0 0 C1.47533203 0.18175781 1.47533203 0.18175781 2.98046875 0.3671875 C6.78515495 0.83049198 10.59255343 1.26755495 14.40077209 1.70074463 C16.02093306 1.88727766 17.64061725 2.07806169 19.25950623 2.27532959 C35.20496983 4.20268755 51.09409424 4.27541149 67.13360596 4.19561768 C69.87575753 4.18477978 72.61785994 4.18519082 75.36002922 4.18563652 C89.61054846 4.18501161 103.78081649 3.98144558 118 3 C118 10.92 118 18.84 118 27 C110.08 27 102.16 27 94 27 C94 20.07 94 13.14 94 6 C78.49 6 62.98 6 47 6 C47 12.93 47 19.86 47 27 C39.41 27 31.82 27 24 27 C24 19.41 24 11.82 24 4 C16.08 4 8.16 4 0 4 C0 2.68 0 1.36 0 0 Z " fill="#C6C6C6" transform="translate(441,989)"/>
<path d="M0 0 C16.17 0 32.34 0 49 0 C49 7.92 49 15.84 49 24 C32.83 24 16.66 24 0 24 C0 16.08 0 8.16 0 0 Z " fill="#CBCBCA" transform="translate(653,1016)"/>